1 16 497
1 21 184
1 26 153
1 30 130
2 14 711
2 41 493
3 10 247
3 15 522
3 17 215
3 20 761
3 23 524
3 39 57
3 40 277
3 43 681
4 22 403
4 24 170
4 33 474
4 36 678
4 45 434
5 14 261
5 15 652
5 25 183
5 31 175
6 8 293
6 30 171
6 38 193
7 16 524
7 26 175
7 35 294
7 38 323
7 44 856
8 17 298
8 30 460
8 38 369
8 40 117
10 15 281
10 33 517
10 39 290
11 15 358
12 22 284
12 36 870
13 32 781
13 36 897
13 42 390
14 15 879
14 20 1104
14 25 287
14 29 687
14 41 1055
14 43 437
15 25 601
15 31 575
15 33 518
15 43 753
16 26 487
16 44 820
17 35 643
17 38 318
17 39 161
17 40 379
17 45 900
19 46 464
20 37 227
20 40 490
20 43 690
20 47 0
21 26 77
21 30 159
21 38 246
22 24 263
22 36 843
23 43 158
24 36 789
24 33 392
26 38 321
28 35 359
28 45 401
30 38 278
32 42 418
32 36 1644
33 36 1149
33 39 533
33 45 690
34 41 505
35 38 452
35 45 747
36 45 757
39 45 1007